version https://git-lfs.github.com/spec/v1
oid sha256:229d67ed7c5d9f9aedc287de0a663a146098d1136252d40c1a7e280c46c57587
size 12342
