version https://git-lfs.github.com/spec/v1
oid sha256:ce329530b8d02b01c8c862142bf0a5a7849facb4988526b2acbebada2756972f
size 41667
