version https://git-lfs.github.com/spec/v1
oid sha256:7611fb56aebcc205cc992396f437ed1d671fb51c53c5560d32f40a30df2f2ba6
size 59670
