version https://git-lfs.github.com/spec/v1
oid sha256:4a4d92caa6ebfeb1ce6cb33d63116c51c42369281dc2c85552d40a9683815785
size 15300
