version https://git-lfs.github.com/spec/v1
oid sha256:5bf59dd493e7cbf6a7035e2d2573f26decf0a0c263934bd725b9fb9eaa1cbc83
size 32385
