version https://git-lfs.github.com/spec/v1
oid sha256:91edf521f04476ad163c793ef99bbc83f15e99caaeba2b3a3b7145909a8025bd
size 13872
