version https://git-lfs.github.com/spec/v1
oid sha256:fbd6b9a1f8658249fcffb5cfa57ae288dc66a6cceae61d855095bd7ce3a065ed
size 45900
